1439
1454
9833
6775
1220
1677
9355
1965
7518
4428
6499
9148
4341
5578
8124
2155
6502
8672
1151
2726
5576
2573
9230
1846
6058
1283
3920
9488
6231
2040
1158
5335
9180
714
5724
1646
880
1667
3052
7326
6914
9556
1356
752
7313
7633
4471
7097
3828
2537
2489
4479
4778
2640
2276
6731
3051
826
1664
1437
1214
1318
9135
7574
2724
3621
1359
5639
8369
470
5848
4724
4011
5392
1669
7204
6714
5051
3343
3319
9328
5707
9781
6676
4642
602
4248
4094
7716
8240
6579
8739
3220
9138
872
5185
8140
9908
9477
1141
1098
6636
4981
9489
5677
9797
5298
5417
4038
876
7113
4539
462
8123
6230
9449
1654
8032
4830
2340
9864
9561
8492
3558
8269
4718
9299
9483
5464
7194
8978
8861
9488
6967
6245
7979
732
6902
3112
5190
1814
6184
6950
4904
6641
6188
7360
9905
9639
8486
282
7807
811
1783
1279
777
126
3519
180
1064
7565
8844
2154
5347
9287
8685
3789
1061
8956
567
2010
8909
6800
9107
5341
2466
2495
4323
3096
7697
7179
4063
8479
2644
7969
7713
4560
5537
1642
4713
8545
3532
6781
2845
6002
7530
338
368
5041
819
7665
4253
5340
1363
7640
4385
6480
4909
3339
7507
1744
9596
2118
5185
2834
6552
6286
1784
180
5169
7846
8207
4044
5676
222
4353
813
2727
9717
1493
8132
153
6047
5612
6306
3787
6129
678
3813
7342
9273
2049
8783
6664
6203
4591
9623
7054
3638
578
9758
879
1782
5063
8698
4858
3522
1149
6367
6605
9557
1696
8108
3708
9898
1958
2417
4234
4848
4886
9918
9511
5133
6528
6726
6646
479
3612
6770
6474
9421
659
674
4893
1149
3812
7215
9932
3391
7220
7292
2833
9237
2405
1163
3582
470
6817
2924
420
1096
3284
1647
622
3659
6372
4266
861
9861
910
7927
9200
8168
2861
1237
7359
2287
8281
8751
6997
8615
202
3321
8935
5787
6184
9430
1781
2775
177
4599
7132
7198
4134
5038
4390
8983
7666
2976
895
2114
7127
3545
3764
6233
8503
3466
2234
5905
7676
4893
9272
9728
8836
5065
1123
1608
4925
2849
4740
9761
3337
5910
4231
7109
6286
5341
4531
7925
5533
444
8849
7769
6476
765
8043
805
1090
4117
9394
2727
8287
974
9948
2796
9558
1856
9928
3810
5752
6175
7295
664
5709
4126
4617
2098
5617
5073
6841
5257
2697
976
5510
927
6129
1239
2919
1040
7252
6026
203
8308
1927
2534
8066
801
5122
9827
7387
4637
1180
3078
6026
1457
6210
7170
1157
7321
2867
3534
7932
423
4379
4626
8548
9112
6186
5067
7998
702
6817
2286
7544
6829
456
6185
5631
9137
479
9221
8799
3500
6991
9960
4746
5822
6603
166
7921
6524
7545
5288
1633
9987
9719
2837
6748
6711
8267
6316
1443
8340
4812
9796
9310
8517
7158
7387
1400
8834
542
1002
7801
7284
1651
9450
305
1060
8493
8623
9550
4946
5941
7282
5691
7890
2367
6061
629
2064
3864
6416
5386
7076
9913
4704
1760
6176
6917
4383
5888
2007
3589
1879
3309
8728
1693
7391
6901
8039
9563
3600
9539
5741
6971
7761
477
5206
8426
3407
8273
1784
7669
6425
1815
3011
2925
6407
9043
9812
5945
5530
6715
8547
4664
1326
2479
8493
5810
2205
8809
9852
7113
4333
6514
145
7665
7465
957
3940
6249
5198
7413
9539
2422
8123
2271
1222
4539
2492
6363
5763
9366
7248
1517
3420
953
8789
8242
6246
4900
6806
1745
741
844
7435
495
1987
122
6142
527
6672
5490
4862
1924
2196
4270
3036
9780
4143
2183
5763
2828
7713
2000
8069
2010
4245
8943
1120
2043
8952
7320
2895
4417
8328
9287
4492
3391
519
8938
4180
6357
7663
4361
83
6323
7599
6819
7566
1084
3908
614
5168
2409
323
3482
5196
3990
8418
7307
5601
8317
8310
898
8748
2221
695
5487
4358
406
9488
8340
4958
5668
2387
2480
1394
9270
1593
8519
5127
5434
1527
4427
6792
8487
5548
5514
810
5654
9831
8755
2398
3357
4453
149
5728
441
2184
6327
9373
1224
9811
7086
6913
9857
3121
1950
2862
8720
3030
5103
1673
5698
5565
667
9694
9897
1713
1682
4403
2668
1352
1259
3402
5791
5144
1207
3712
5818
4989
2867
739
2920
5907
2122
3489
5087
1198
356
9275
6902
8841
8880
8232
5096
363
1465
7350
1508
6213
4951
8635
7230
4200
117
2266
5222
3940
1003
7121
323
6636
2696
8782
2651
1989
5421
6578
9666
2476
2008
3534
2476
4519
492
490
9760
2804
426
9348
7372
8957
3950
2038
6447
381
1992
144
7895
8445
3348
1620
6136
5271
3977
6945
6661
2828
6059
5959
846
1377
1102
7018
9814
2771
8360
5361
2463
6875
9168
1389
6388
4157
7049
5239
5651
9306
8133
7906
8630
3878
4552
624
7293
2468
4347
7841
3657
13
3576
6693
2743
1775
2297
3683
2631
2050
4232
9090
408
3126
194
8244
6081
1912
5117
4163
7391
5587
4050
6756
8966
4851
649
2328
9830
1141
6097
5872
7084
1739
9288
7233
9217
5516
1213
3613
4867
679
8303
8817
5006
3079
7201
5150
9831
2610
5838
4734
9941
1964
9187
1800
636
2586
1341
1135
5895
9344
8783
3668
4593
1739
9823
5356
6113
4138
702
8413
2144
8967
4915
8370
5719
3268
7268
5677
1274
5841
7520
4684
7851
7993
3163
2148
7948
8444
9190
7866
4469
5272
6490
5089
1006
9040
8609
8477
1033
5519
8802
518
592
4085
6871
1992
8710
1392
4940
743
8509
2806
822
3216
6467
7391
2974
2187
2793
4671
5657
9757
8883
9217
2389
2985
4693
2271
6882
7302
7199
7373
3274
956
4375
8598
4110
1480
8496
2095
2783
575
5476
6087
9158
480
7683
5856
1088
209
3160
4279
5786
5595
6356
382
1605
2594
282
1148
757
1036
5654
5674
6204
772
6939
8926
9118
9366
5479
2164
6544
6874
7733
9384
4178
4894
3310
9185
6519
2811
4141
6247
8093
7946
8798
